
Rin =4.750*A0;
A = -0.672898984e3*cm^-1;
B = 0.7735201466e7*cm^-1*A0^6;
Ns = 6;
Rout = 12.000*A0;
b = -0.300;
Rm = 5.73392370*A0;
aVec =[ 
    -255.016075*cm^-1;
    -0.83437034991917*cm^-1;
    +0.20960239701879e4*cm^-1;
    -0.17090691582228e4*cm^-1;
    -0.17873986188680e4*cm^-1;
    +0.29450770829461e4*cm^-1;
    -0.20200111692363e5*cm^-1;
    -0.35699427038012e5*cm^-1;
    +0.59869069169566e6*cm^-1;
    -0.71054314902491e6*cm^-1;
    -0.61711835715388e7*cm^-1;
    +0.19365507918230e8*cm^-1;
    +0.67930591036665e7*cm^-1;
    -0.12020061749490e9*cm^-1;
    +0.21603960091887e9*cm^-1;
    -0.63531970658436e8*cm^-1;
    -0.52391212911571e9*cm^-1;
    +0.15913304556368e10*cm^-1;
    -0.24792546801660e10*cm^-1;
    +0.20326032002627e10*cm^-1;
    -0.68044505933607e9*cm^-1];

Uinf = 0;
C6 = 0.1892046304e8*cm^-1*A0^6;
C8 = 0.5700273275e9*cm^-1*A0^8;
C10 = 0.1866135374e11*cm^-1*A0^10;
gamma = 5.19500;
Aex = -0.97014411e4*cm^-1*A0^(-gamma);
beta = 2.13539*A0^(-1);