
Rin = 2.870*A0;
A= -0.262878738e4*cm^-1;
B= 0.8129033720e9*cm^-1*A0^12;
Ns = 12;

Rout = 12.000*A0;
b = -0.40;
Rm = 3.92436437*A0;

aVec = [
    -4450.899108*cm^-1;
     0.027435192082021*cm^-1;
     0.13671215240591e5*cm^-1;
     0.10750901039993e5*cm^-1;
     -0.20933147904789e4*cm^-1;
     -0.19385880603136e5*cm^-1;
     -0.49208904259548e5*cm^-1;
     0.11026640034823e6*cm^-1;
     0.72867340031285e6*cm^-1;
     -0.29310679230619e7*cm^-1;
     -0.12407070105941e8*cm^-1;
     0.40333947204823e8*cm^-1;
     0.13229848870507e9*cm^-1;
     -0.37617673800749e9*cm^-1;
     -0.95250413278553e9*cm^-1;
     0.24655585743928e10*cm^-1;
     0.47848257694561e10*cm^-1;
     -0.11582132110109e11*cm^-1;
     -0.17022518297748e11*cm^-1;
     0.39469335034300e11*cm^-1;
     0.43141949844175e11*cm^-1;
     -0.97616955325590e11*cm^-1;
     -0.77417530686085e11*cm^-1;
     0.17314133615815e12*cm^-1;
     0.96118849114885e11*cm^-1;
     -0.21425463041524e12*cm^-1;
     -0.78513081753454e11*cm^-1;
     0.17539493131261e12*cm^-1;
     0.37939637010974e11*cm^-1;
     -0.85271868689619e11*cm^-1;
     -0.82123523177698e10*cm^-1;
     0.18626451758590e11*cm^-1];
 
Uinf = 0;
C6 = 0.1892046304e8*cm^-1*A0^6;
C8 = 0.5700273275e9*cm^-1*A0^8;
C10 = 0.1866135374e11*cm^-1*A0^10;
gamma = 5.19500;
Aex = 0.97014411e4*cm^-1*A0^(-gamma);
beta = 2.13539*A0^(-1);